tensor_name:  conv2/bias:0
[0. 0. 0. 0. 0. 0. 0. 0. 0. 0. 0. 0. 0. 0. 0. 0. 0. 0. 0. 0. 0. 0. 0. 0.
 0. 0. 0. 0. 0. 0. 0. 0. 0. 0. 0. 0. 0. 0. 0. 0. 0. 0. 0. 0. 0. 0. 0. 0.
 0. 0. 0. 0. 0. 0. 0. 0. 0. 0. 0. 0. 0. 0. 0. 0.]
tensor_name:  conv2/kernel:0
[[[[-1.40673071e-02  6.63349032e-03 -3.47613394e-02 ... -3.16695571e-02
     3.22378576e-02  3.97693813e-02]
   [-6.69725239e-03  9.68952477e-03 -5.77591658e-02 ...  5.35120666e-02
    -3.93732935e-02  3.41721028e-02]
   [ 9.79198515e-03 -3.72270346e-02  7.93333352e-03 ... -1.58154815e-02
     1.38913989e-02  1.39720589e-02]
   ...
   [-4.75564003e-02  2.03362107e-02 -2.27022916e-02 ...  3.69332731e-02
    -5.06586879e-02  4.08059806e-02]
   [-3.16124558e-02 -5.74034303e-02  3.56847793e-02 ...  5.85937202e-02
    -3.06969434e-02  5.97536564e-06]
   [ 3.04118693e-02  2.34339833e-02 -4.44129109e-03 ...  5.88281751e-02
     3.59844416e-02  2.27126479e-03]]

  [[ 2.85997689e-02  2.62601674e-02 -1.84494406e-02 ...  3.53805721e-03
    -2.86458582e-02  4.84751165e-03]
   [-1.85218006e-02 -3.05800885e-02  2.16186941e-02 ... -5.07581234e-03
     5.95367700e-02 -3.35325897e-02]
   [ 1.62032247e-02  4.93771732e-02  4.39843982e-02 ...  3.79801989e-02
    -1.76512897e-02  7.36311078e-03]
   ...
   [ 3.30361575e-02  2.73725390e-03 -3.45293581e-02 ... -4.27633077e-02
     2.46117860e-02 -4.40819412e-02]
   [ 2.47129202e-02  1.23041272e-02  1.79348886e-03 ...  6.05345517e-02
     5.74436784e-03  2.99128890e-02]
   [-3.34654897e-02  2.72766799e-02  3.75880748e-02 ... -4.18898165e-02
    -1.34517998e-02  1.58852935e-02]]

  [[ 1.59450769e-02 -1.14759803e-02 -4.28077579e-03 ...  2.41916031e-02
     6.59954548e-03  5.10786027e-02]
   [ 2.76209116e-02 -3.74181271e-02 -3.42706442e-02 ...  4.54187244e-02
     1.92624331e-03  2.03740895e-02]
   [ 5.25417626e-02  4.71897870e-02  4.51666713e-02 ... -3.27757746e-02
    -2.48882622e-02 -5.51085323e-02]
   ...
   [ 9.83856618e-03  1.02199018e-02  4.28967029e-02 ...  1.97611004e-02
    -3.34634632e-02 -4.32441980e-02]
   [-1.83954835e-04  4.57811356e-02 -6.84973598e-03 ...  4.63755727e-02
    -2.74968147e-02 -3.92980576e-02]
   [ 3.19177359e-02  4.71287519e-02 -3.99968922e-02 ... -1.27887875e-02
     4.60722595e-02 -1.21888667e-02]]

  [[ 1.14567578e-02 -2.78475285e-02 -4.51323837e-02 ...  2.58793086e-02
     2.61633247e-02 -3.50029767e-02]
   [-2.96292454e-02  8.51097703e-03  5.05595207e-02 ... -3.28537226e-02
    -6.19908422e-02  4.18022275e-03]
   [-5.93337566e-02 -5.47694415e-02 -2.92547345e-02 ... -2.96116173e-02
     2.52038091e-02 -5.52871376e-02]
   ...
   [-1.42630190e-02 -6.21324927e-02 -5.62229753e-02 ...  7.21956789e-03
    -2.08310485e-02  5.60947657e-02]
   [-1.01761520e-03  5.65033108e-02 -1.55970156e-02 ... -4.18199748e-02
     9.88662243e-04  6.17171079e-02]
   [ 5.61407208e-03  1.90386772e-02 -1.46404803e-02 ... -3.45095992e-03
     5.90726733e-02 -1.15557760e-02]]]


 [[[-2.32114345e-02 -3.96767259e-02  1.30054057e-02 ...  3.53457332e-02
    -3.40650678e-02  3.46388817e-02]
   [ 1.81525201e-02  2.17058659e-02  4.73883003e-02 ... -5.08200526e-02
    -4.41490114e-02 -1.91766024e-02]
   [-2.09755599e-02  6.24225885e-02  3.12229991e-02 ... -1.98824704e-03
     6.06904775e-02  2.96152085e-02]
   ...
   [ 1.70588642e-02 -8.32968950e-03  5.47548681e-02 ... -2.54290551e-02
    -5.71704209e-02  4.92611676e-02]
   [-3.91647369e-02  8.43398273e-03 -5.50091267e-03 ...  8.83805752e-03
    -2.57951468e-02  3.53883207e-02]
   [-2.19822079e-02 -3.58775556e-02 -4.78891730e-02 ...  3.55412066e-02
     5.68320006e-02  3.05175334e-02]]

  [[-3.78985852e-02 -3.99523675e-02 -3.86352837e-02 ...  1.90662742e-02
     6.17133826e-02  3.86135727e-02]
   [ 5.17737269e-02 -5.63025028e-02 -4.62765694e-02 ... -4.48321998e-02
     5.23641706e-02  3.42944413e-02]
   [ 1.12252682e-02  3.49846631e-02 -4.74660397e-02 ... -3.93180102e-02
     6.12528622e-03  3.62484902e-02]
   ...
   [ 5.96542507e-02  3.89186144e-02  5.01921773e-03 ... -5.31798005e-02
    -4.70315665e-02 -1.93839520e-02]
   [-2.72077918e-02  3.34022790e-02  5.17524928e-02 ... -2.52598673e-02
     3.72918248e-02 -2.02331096e-02]
   [-4.91255671e-02 -6.46986067e-03  5.93772829e-02 ... -9.72653925e-03
     2.11043060e-02 -1.79694593e-02]]

  [[ 2.63556689e-02  5.96828759e-02  4.18142974e-02 ... -3.50416005e-02
     6.01346046e-02  2.96644270e-02]
   [ 2.32043564e-02 -2.73201466e-02 -4.84520048e-02 ...  6.15653545e-02
    -4.44755107e-02 -3.50942165e-02]
   [ 2.24060863e-02 -3.38519663e-02  2.72788703e-02 ... -1.17850304e-02
     4.27015275e-02  3.06943804e-02]
   ...
   [-2.76264697e-02  4.88038957e-02  5.92300296e-02 ... -2.65574902e-02
    -4.51058298e-02  1.91591978e-02]
   [ 1.67879462e-02  5.21010607e-02  5.33821136e-02 ... -3.04814279e-02
    -2.17969716e-03  1.73725933e-02]
   [ 2.72166282e-02 -1.41244084e-02  7.07165897e-03 ...  3.70080769e-03
    -2.28163600e-03  4.10363823e-02]]

  [[-1.85235590e-02  1.88612044e-02 -5.10675013e-02 ...  5.13410270e-02
     6.24854714e-02 -5.47616929e-02]
   [ 4.65314835e-02  4.39455658e-02 -5.36438972e-02 ... -1.99722201e-02
    -4.98879552e-02 -4.47215587e-02]
   [-2.02353001e-02 -3.57574821e-02 -7.02267885e-03 ... -3.63814533e-02
    -4.43949848e-02 -2.18349695e-02]
   ...
   [ 3.37967724e-02 -1.87112391e-03  3.61644477e-02 ... -5.60312271e-02
     3.04653943e-02 -3.95371169e-02]
   [ 5.28897643e-02  3.01579833e-02 -3.32169384e-02 ... -1.90023929e-02
    -3.16603482e-02 -8.29324126e-03]
   [ 7.72708654e-03  2.43364573e-02 -5.32695651e-03 ...  4.42406833e-02
     1.03742480e-02 -6.31169975e-03]]]


 [[[-2.17133313e-02 -7.56695867e-03  2.77220309e-02 ...  6.11850619e-03
    -5.07523865e-02 -4.46279049e-02]
   [ 3.88765633e-02 -2.33949572e-02  3.02908123e-02 ...  9.80103016e-03
     4.12992239e-02  4.19634432e-02]
   [-4.98292297e-02 -5.93768656e-02  3.38617563e-02 ...  4.47289646e-03
     2.19388455e-02  3.96992415e-02]
   ...
   [-6.13534898e-02  1.26981139e-02 -3.71379703e-02 ... -1.95683986e-02
     1.28319710e-02  1.84374005e-02]
   [-6.90029562e-03 -6.11828417e-02 -1.74153596e-02 ... -1.15108192e-02
    -6.15036488e-02  5.85902333e-02]
   [ 3.66186798e-02 -1.37402862e-02 -5.07315993e-02 ...  5.82077354e-02
    -1.75582618e-02 -2.94212848e-02]]

  [[ 1.05224103e-02 -4.63816971e-02  7.53116608e-03 ... -1.95332617e-02
    -3.49691361e-02 -1.17823929e-02]
   [ 5.55844754e-02  4.79074121e-02  5.50001711e-02 ... -3.71070057e-02
     5.83837628e-02 -1.24815702e-02]
   [ 4.61157858e-02 -5.20561934e-02  3.71194482e-02 ...  5.53618371e-03
     1.12050772e-03 -3.58860046e-02]
   ...
   [ 5.18473089e-02 -1.05127990e-02  1.28221065e-02 ...  4.61882651e-02
     1.02078170e-02  2.71053165e-02]
   [-3.66610587e-02  4.06719148e-02 -1.68835968e-02 ... -4.30528224e-02
    -2.71171331e-03  2.33645737e-03]
   [-4.31841612e-02  3.92678380e-02  2.68532783e-02 ...  8.29312205e-03
     4.78999466e-02  4.86290455e-03]]

  [[-4.89488095e-02 -3.23063433e-02 -4.60649729e-02 ...  2.46377587e-02
    -4.14656252e-02 -1.49234384e-02]
   [-9.25749540e-03 -2.60617584e-02 -4.70030159e-02 ...  5.29340804e-02
    -5.38775176e-02  2.99659520e-02]
   [ 5.58438003e-02  2.71465629e-02  4.86079007e-02 ... -1.21731758e-02
    -2.08299011e-02 -5.72351664e-02]
   ...
   [-4.44571823e-02 -2.11670101e-02 -3.36193591e-02 ...  4.87825274e-03
     3.41039896e-02  4.29260433e-02]
   [-4.51415777e-02  5.90673387e-02 -2.26837546e-02 ...  2.82707661e-02
     1.97031349e-02 -1.14895999e-02]
   [-3.03604156e-02  5.77706397e-02  6.82094693e-03 ...  1.51317269e-02
     5.98647147e-02  2.95938700e-02]]

  [[ 1.23628527e-02  2.96036005e-02 -2.96352208e-02 ...  4.48332578e-02
     5.56160063e-02 -1.56385005e-02]
   [-1.10369772e-02 -1.02881193e-02 -5.59792817e-02 ... -3.46811712e-02
    -3.29807699e-02  6.00854456e-02]
   [ 4.95953560e-02  1.44426823e-02 -2.92048454e-02 ...  2.38202512e-02
    -4.43929136e-02  2.60176361e-02]
   ...
   [ 9.83002782e-03 -6.97274506e-03 -1.93926096e-02 ... -3.62081230e-02
     2.01902092e-02 -4.80803847e-03]
   [ 3.43697816e-02  3.22396457e-02 -1.76065862e-02 ...  2.31870115e-02
    -4.44094688e-02  2.77827382e-02]
   [ 3.30561399e-03  8.23152065e-03 -5.27951121e-02 ...  4.04228121e-02
     2.93926746e-02 -3.26147377e-02]]]


 [[[-1.73313618e-02 -3.15127075e-02 -5.87660074e-02 ... -6.16657585e-02
    -6.35333359e-03  3.91407758e-02]
   [ 2.92184055e-02  5.77790290e-02  2.74517685e-02 ... -5.57176769e-02
    -5.55399358e-02 -1.99165195e-02]
   [ 1.70499533e-02  1.00810826e-03 -2.46366858e-02 ... -2.48795152e-02
    -1.76444799e-02 -2.35860050e-03]
   ...
   [-5.17601520e-02  4.84583974e-02 -1.72289163e-02 ... -5.85561097e-02
     7.20247626e-04 -1.03932619e-03]
   [ 5.18537909e-02 -5.94973564e-03 -5.50400019e-02 ...  4.81989980e-02
    -4.20784354e-02 -3.98354679e-02]
   [ 5.91719598e-02 -1.40416324e-02  4.80607748e-02 ... -1.18060261e-02
     2.49477029e-02 -1.92795843e-02]]

  [[ 2.37542689e-02  6.11395985e-02 -3.98481637e-02 ... -1.20208561e-02
     3.49081755e-02 -3.90488505e-02]
   [ 5.43490052e-03  4.70097810e-02 -2.61494517e-02 ... -9.35576856e-03
     4.16950881e-03  3.47226858e-04]
   [ 2.25654393e-02 -3.42959166e-03 -2.80346423e-02 ...  5.84516376e-02
     4.70221043e-04 -5.85285425e-02]
   ...
   [ 2.45511532e-02 -4.59143519e-02  1.89836472e-02 ... -1.32001042e-02
    -4.49849963e-02 -1.30166113e-03]
   [ 5.18810600e-02  5.72084188e-02 -4.41203862e-02 ... -7.31703639e-03
     4.27610427e-02 -4.59875166e-02]
   [-4.59428877e-02 -5.26530147e-02 -1.69558525e-02 ...  1.36209577e-02
     1.32813305e-02  5.05007207e-02]]

  [[-3.94167453e-02  5.76126873e-02 -2.64814496e-03 ...  4.78387773e-02
    -3.32168043e-02  3.43762785e-02]
   [ 5.86886853e-02 -3.06922495e-02  3.08227688e-02 ... -2.52159983e-02
    -5.15723228e-03 -4.67903316e-02]
   [ 5.03385514e-02 -9.72756743e-03 -5.35504669e-02 ... -1.17181093e-02
     5.10364324e-02 -9.08303261e-03]
   ...
   [ 4.06737626e-02 -4.84574437e-02  6.05645925e-02 ...  5.82863390e-03
     5.81290126e-02  5.97243607e-02]
   [-2.56987065e-02  2.52025276e-02  2.93300897e-02 ... -4.15969342e-02
     4.93422598e-02 -4.70536053e-02]
   [ 4.15349603e-02 -6.02330863e-02 -1.98898017e-02 ... -1.17310882e-02
     5.08722812e-02 -3.84844691e-02]]

  [[ 4.69234586e-03  5.09810150e-02  5.10815978e-02 ...  3.88381928e-02
     5.50857782e-02 -2.35147923e-02]
   [ 5.94817847e-02 -1.10167712e-02  6.11081719e-02 ... -5.02067953e-02
     4.91514355e-02  2.99837440e-02]
   [-2.48920172e-02  3.04912031e-02 -3.37357819e-03 ... -2.43358314e-02
     4.62182760e-02 -4.64509428e-03]
   ...
   [ 3.10937315e-02 -2.48920768e-02  8.62215459e-03 ... -4.94042635e-02
     5.35278320e-02 -3.78376395e-02]
   [ 5.99222630e-02  1.74404085e-02 -2.71913856e-02 ...  2.01791525e-04
    -3.17855477e-02 -4.60088551e-02]
   [ 2.51510590e-02 -2.10427940e-02 -4.27588522e-02 ...  5.24929166e-03
     3.91657948e-02 -3.04715931e-02]]]]
tensor_name:  conv3/bias:0
[0. 0. 0. 0. 0. 0. 0. 0. 0. 0. 0. 0. 0. 0. 0. 0. 0. 0. 0. 0. 0. 0. 0. 0.
 0. 0. 0. 0. 0. 0. 0. 0. 0. 0. 0. 0. 0. 0. 0. 0. 0. 0. 0. 0. 0. 0. 0. 0.
 0. 0. 0. 0. 0. 0. 0. 0. 0. 0. 0. 0. 0. 0. 0. 0.]
tensor_name:  conv3/kernel:0
[[[[ 0.05846241 -0.04587314 -0.06668757 ...  0.01564263  0.05418652
     0.05236526]
   [ 0.00329645 -0.05616224  0.03135143 ... -0.01991831  0.031202
     0.02532265]
   [ 0.06516072 -0.06532764 -0.057535   ... -0.02361792 -0.07044804
     0.0523672 ]
   ...
   [-0.06335428  0.05417593 -0.04358266 ...  0.02631821 -0.0233378
     0.03253645]
   [ 0.00964922  0.04760402  0.02981563 ... -0.04999194  0.02093911
    -0.05170591]
   [-0.00152073  0.02915822  0.01924668 ...  0.05178435 -0.00852586
    -0.02122596]]

  [[-0.04673185  0.02172087  0.02765781 ...  0.05604523 -0.0523471
     0.00325345]
   [-0.0195917  -0.03807087 -0.00582403 ...  0.05992758  0.05808271
    -0.04621594]
   [-0.02382624  0.06130114  0.01072549 ... -0.05875294 -0.04996242
     0.04444142]
   ...
   [-0.02037172 -0.04861215 -0.04700342 ...  0.0403498  -0.04084139
    -0.01733078]
   [-0.04923858 -0.06952482 -0.03148628 ...  0.01917988 -0.01057129
    -0.06530161]
   [ 0.07122068 -0.01179754 -0.03228034 ...  0.04665594  0.05468251
     0.00811473]]

  [[-0.06831805 -0.00337298 -0.00894783 ... -0.02420645 -0.05306495
     0.02750247]
   [-0.04925663  0.055609    0.01596948 ... -0.00995291 -0.02180767
     0.02522321]
   [ 0.01518198  0.05961475  0.00347842 ... -0.05583903  0.02956004
    -0.04759883]
   ...
   [ 0.0477105  -0.03193685 -0.00341364 ... -0.05163975  0.01469681
     0.0570282 ]
   [-0.00505709 -0.05770347 -0.06049799 ...  0.02243838  0.02145223
     0.00450251]
   [-0.00760438  0.01538214  0.03367206 ... -0.02182356 -0.02418653
     0.02498538]]]


 [[[-0.01311178 -0.03085121 -0.05576577 ...  0.03283609 -0.00405902
    -0.02225224]
   [ 0.0535813  -0.06318434  0.03846169 ...  0.0600287   0.03858016
     0.01978212]
   [ 0.05802631 -0.01166343  0.06507301 ...  0.05711824  0.06177032
    -0.05930978]
   ...
   [ 0.01760768 -0.00884028 -0.03870449 ...  0.02917337  0.04661875
     0.04726283]
   [-0.00881603 -0.00017263 -0.05526384 ...  0.03556965  0.03851101
    -0.02871461]
   [ 0.0484874  -0.00361346  0.03842761 ...  0.00139334  0.00641724
     0.0271432 ]]

  [[ 0.02879663 -0.02667166 -0.03241345 ...  0.01704255  0.00119402
    -0.04500502]
   [-0.04248296 -0.02790255  0.03849287 ...  0.00084    -0.01942559
    -0.06364602]
   [ 0.0708701  -0.03666901 -0.01782056 ... -0.06580929 -0.02954062
    -0.05160226]
   ...
   [ 0.00850716 -0.00906525  0.04863581 ... -0.02817276 -0.0536031
    -0.02164903]
   [ 0.06679632  0.04954123  0.00386526 ...  0.04230317  0.03304468
    -0.03334987]
   [-0.06245344 -0.0148546  -0.06900615 ... -0.0351807  -0.05076012
     0.00667176]]

  [[ 0.0554779   0.00123008  0.00930776 ...  0.05419815 -0.01162883
     0.06314175]
   [-0.01558101  0.00750659 -0.01324747 ... -0.02938481  0.02782309
     0.0079989 ]
   [ 0.02454305 -0.03925775  0.04570988 ... -0.05657782  0.06233382
    -0.03087397]
   ...
   [ 0.00995537 -0.0250328  -0.01801862 ...  0.02894128 -0.07113879
     0.00976002]
   [ 0.03422332  0.04358649  0.05757438 ...  0.0432201  -0.00793147
     0.05714254]
   [ 0.02944433  0.04915617 -0.0703617  ... -0.00811618  0.06012838
    -0.06913127]]]


 [[[ 0.00333411 -0.02100013  0.06159988 ... -0.06200822 -0.0312865
    -0.06507635]
   [-0.03288149 -0.04426609 -0.06069861 ...  0.04147486  0.01884331
    -0.01983748]
   [-0.02162572 -0.05323831 -0.02410352 ...  0.03293961 -0.01598027
     0.06587175]
   ...
   [-0.04388843  0.03604459  0.01292593 ... -0.02036743 -0.03643112
     0.06577493]
   [-0.01568699  0.06830999 -0.03397658 ... -0.02847597 -0.04050841
     0.00512827]
   [-0.06200009 -0.02399653 -0.01049162 ... -0.00389976  0.05566294
    -0.05546232]]

  [[ 0.00832699 -0.01842789 -0.04475658 ...  0.05979449  0.06851149
    -0.0055128 ]
   [-0.02048689 -0.03192062  0.05494015 ... -0.06762552 -0.04748197
     0.01849796]
   [ 0.07032596  0.0479346   0.03346926 ... -0.00547437  0.06515759
     0.00350014]
   ...
   [-0.0347452   0.01076679  0.00551727 ...  0.05382285 -0.02021452
    -0.02528748]
   [ 0.02219337 -0.02994287  0.01841955 ... -0.01482732  0.02402005
     0.0057407 ]
   [-0.0417418  -0.02652596  0.06435132 ...  0.05921897 -0.06406125
    -0.06410308]]

  [[-0.06750219 -0.04596099 -0.02064836 ...  0.03312078  0.02919745
    -0.01215335]
   [-0.01637084  0.06834124 -0.01574857 ... -0.06098926 -0.00293923
     0.07073852]
   [-0.06202763 -0.0568613   0.06569059 ...  0.04485199  0.02950758
     0.04694013]
   ...
   [-0.03909177 -0.01822832 -0.01704555 ... -0.02033059  0.06533195
     0.05876318]
   [ 0.00876632  0.02093335 -0.03366153 ...  0.06777303  0.04652929
    -0.02788641]
   [-0.0220226  -0.01637948  0.02759411 ...  0.06940736 -0.02034673
    -0.04233297]]]]
tensor_name:  dense1/bias:0
[0. 0. 0. 0. 0. 0. 0. 0. 0. 0. 0. 0. 0. 0. 0. 0. 0. 0. 0. 0. 0. 0. 0. 0.
 0. 0. 0. 0. 0. 0. 0. 0. 0. 0. 0. 0. 0. 0. 0. 0. 0. 0. 0. 0. 0. 0. 0. 0.
 0. 0. 0. 0. 0. 0. 0. 0. 0. 0. 0. 0. 0. 0. 0. 0. 0. 0. 0. 0. 0. 0. 0. 0.
 0. 0. 0. 0. 0. 0. 0. 0. 0. 0. 0. 0. 0. 0. 0. 0. 0. 0. 0. 0. 0. 0. 0. 0.
 0. 0. 0. 0. 0. 0. 0. 0. 0. 0. 0. 0. 0. 0. 0. 0. 0. 0. 0. 0. 0. 0. 0. 0.
 0. 0. 0. 0. 0. 0. 0. 0. 0. 0. 0. 0. 0. 0. 0. 0. 0. 0. 0. 0. 0. 0. 0. 0.
 0. 0. 0. 0. 0. 0. 0. 0. 0. 0. 0. 0. 0. 0. 0. 0. 0. 0. 0. 0. 0. 0. 0. 0.
 0. 0. 0. 0. 0. 0. 0. 0. 0. 0. 0. 0. 0. 0. 0. 0. 0. 0. 0. 0. 0. 0. 0. 0.
 0. 0. 0. 0. 0. 0. 0. 0. 0. 0. 0. 0. 0. 0. 0. 0. 0. 0. 0. 0. 0. 0. 0. 0.
 0. 0. 0. 0. 0. 0. 0. 0. 0. 0. 0. 0. 0. 0. 0. 0. 0. 0. 0. 0. 0. 0. 0. 0.
 0. 0. 0. 0. 0. 0. 0. 0. 0. 0. 0. 0. 0. 0. 0. 0. 0. 0. 0. 0. 0. 0. 0. 0.
 0. 0. 0. 0. 0. 0. 0. 0. 0. 0. 0. 0. 0. 0. 0. 0. 0. 0. 0. 0. 0. 0. 0. 0.
 0. 0. 0. 0. 0. 0. 0. 0. 0. 0. 0. 0. 0. 0. 0. 0. 0. 0. 0. 0. 0. 0. 0. 0.
 0. 0. 0. 0. 0. 0. 0. 0. 0. 0. 0. 0. 0. 0. 0. 0. 0. 0. 0. 0. 0. 0. 0. 0.
 0. 0. 0. 0. 0. 0. 0. 0. 0. 0. 0. 0. 0. 0. 0. 0. 0. 0. 0. 0. 0. 0. 0. 0.
 0. 0. 0. 0. 0. 0. 0. 0. 0. 0. 0. 0. 0. 0. 0. 0. 0. 0. 0. 0. 0. 0. 0. 0.
 0. 0. 0. 0. 0. 0. 0. 0. 0. 0. 0. 0. 0. 0. 0. 0. 0. 0. 0. 0. 0. 0. 0. 0.
 0. 0. 0. 0. 0. 0. 0. 0. 0. 0. 0. 0. 0. 0. 0. 0. 0. 0. 0. 0. 0. 0. 0. 0.
 0. 0. 0. 0. 0. 0. 0. 0. 0. 0. 0. 0. 0. 0. 0. 0. 0. 0. 0. 0. 0. 0. 0. 0.
 0. 0. 0. 0. 0. 0. 0. 0. 0. 0. 0. 0. 0. 0. 0. 0. 0. 0. 0. 0. 0. 0. 0. 0.
 0. 0. 0. 0. 0. 0. 0. 0. 0. 0. 0. 0. 0. 0. 0. 0. 0. 0. 0. 0. 0. 0. 0. 0.
 0. 0. 0. 0. 0. 0. 0. 0.]
tensor_name:  dense1/kernel:0
[[ 0.03379527 -0.0291128  -0.03106192 ... -0.0109899  -0.00325625
   0.01310724]
 [ 0.00122666  0.01584587 -0.00597567 ... -0.00403684 -0.02295651
   0.03887076]
 [ 0.02802705  0.01452057 -0.03896174 ...  0.00500847  0.02735864
  -0.01199866]
 ...
 [-0.03509805 -0.01238338 -0.02602205 ...  0.02053363  0.03165352
  -0.03736828]
 [-0.01854136 -0.01004728  0.01103417 ...  0.03711705  0.01818154
   0.01444346]
 [ 0.03884381  0.03182987  0.01196394 ...  0.02881666 -0.01698279
  -0.02700834]]
tensor_name:  dense2/bias:0
[0. 0. 0. 0. 0. 0.]
tensor_name:  dense2/kernel:0
[[-0.02919877  0.07441562 -0.09781882 -0.08459399  0.08069793  0.02467562]
 [-0.01057652  0.04523782 -0.06757137  0.01212334  0.02073755 -0.00088634]
 [-0.08143349  0.08758131  0.10094791  0.07852835 -0.06375524 -0.02116545]
 ...
 [-0.08166502 -0.05639562 -0.03426316 -0.03138702 -0.01446114  0.01043312]
 [ 0.06494606  0.0078254  -0.00472271 -0.08123165 -0.06784962  0.06714249]
 [-0.09811193  0.0238465  -0.10326929  0.04937223  0.06250785 -0.04579972]]
tensor_name:  input_conv/bias:0
[0. 0. 0. 0. 0. 0. 0. 0. 0. 0. 0. 0. 0. 0. 0. 0. 0. 0. 0. 0. 0. 0. 0. 0.
 0. 0. 0. 0. 0. 0. 0. 0.]
tensor_name:  input_conv/kernel:0
[[[[ 2.53105089e-02 -2.28098165e-02 -1.67705975e-02 ... -4.26390842e-02
    -3.01043410e-02  3.23404893e-02]
   [ 2.59212106e-02  1.33597329e-02 -4.79345024e-02 ... -1.83786862e-02
     3.53073031e-02  3.03752571e-02]
   [ 8.88027251e-04  1.95528269e-02  4.02896702e-02 ... -1.88916512e-02
     2.18119472e-03 -3.58391404e-02]
   [-3.99828516e-02 -1.64121762e-02 -1.47574134e-02 ...  4.53841835e-02
    -1.27705596e-02 -4.73918915e-02]]

  [[ 9.07466561e-03  2.05586553e-02 -3.69315520e-02 ... -2.52994131e-02
     3.86308208e-02  4.11872119e-02]
   [ 4.44488376e-02  2.10714564e-02 -9.29939747e-03 ...  2.27482393e-02
    -4.86341268e-02  7.27520511e-03]
   [ 3.79317701e-02  5.05346209e-02 -2.90124863e-02 ...  2.45358646e-02
     2.31124684e-02 -2.11147573e-02]
   [ 3.11867669e-02  3.73088568e-02 -4.15510833e-02 ... -2.95374691e-02
     1.30627453e-02 -7.07851723e-03]]

  [[ 1.75322220e-02 -4.41544428e-02 -6.03337958e-03 ...  3.35459411e-02
    -4.69977260e-02  9.39198583e-03]
   [ 3.53705212e-02 -1.49909407e-02  3.69637832e-03 ...  3.05439159e-02
    -1.00432597e-02 -4.38011065e-02]
   [-4.65728007e-02 -4.29121666e-02 -2.37326287e-02 ... -1.71636418e-02
    -1.44819580e-02  1.92380846e-02]
   [-2.46754903e-02 -2.08008066e-02  9.21073928e-03 ...  3.53741497e-02
     3.94200310e-02  1.99230388e-02]]

  ...

  [[ 3.32185030e-02 -4.29638140e-02  1.89687610e-02 ...  7.38921762e-03
     2.94226632e-02  2.03710794e-02]
   [-9.39255953e-03 -7.31493905e-03  2.03907862e-02 ... -2.04744712e-02
     2.17336044e-02 -2.75987592e-02]
   [ 2.75114775e-02  4.05001864e-02 -1.38635114e-02 ...  4.59075496e-02
     1.71899572e-02  2.08793581e-03]
   [ 1.30523518e-02 -2.87494902e-02 -1.83197632e-02 ...  2.14769021e-02
    -9.03449208e-03  3.37690040e-02]]

  [[-3.97882462e-02 -2.38973536e-02  2.08964944e-03 ... -2.30401084e-02
     1.55677795e-02  4.66591641e-02]
   [ 4.72737849e-02 -2.41115503e-02  4.46605384e-02 ...  3.28473374e-02
     2.99306512e-02  1.21785030e-02]
   [-4.30512950e-02  4.68177795e-02  3.00773084e-02 ... -3.53235379e-02
    -3.24887410e-03  4.80019525e-02]
   [ 6.36314973e-03  1.64498091e-02 -4.61947545e-02 ... -2.15111617e-02
     6.07477129e-03 -3.00067160e-02]]

  [[ 2.38246247e-02  2.13892162e-02 -3.40009481e-03 ...  3.67444754e-02
     4.19265032e-03  3.37419286e-02]
   [ 1.74778849e-02  2.14910880e-02  2.59631351e-02 ...  3.87052819e-02
    -3.94142531e-02 -4.40348312e-02]
   [ 2.75750905e-02  3.32856029e-02  3.56561989e-02 ...  1.87277123e-02
    -3.27741504e-02 -3.50611731e-02]
   [-7.73870945e-03  1.43617839e-02 -1.51533261e-03 ... -9.29273665e-04
     3.52887362e-02 -3.98826003e-02]]]


 [[[-7.41371140e-03  3.27478200e-02  7.64973462e-04 ...  1.40835345e-02
     1.48735940e-03  1.37263685e-02]
   [-3.13891992e-02 -3.34286019e-02  1.68563202e-02 ...  4.40430567e-02
    -2.25326102e-02 -2.82864105e-02]
   [ 4.03353125e-02 -4.77881134e-02 -1.26608498e-02 ...  1.80072710e-02
     1.99113563e-02 -4.41378951e-02]
   [ 8.95445794e-03  2.05320120e-03  1.45388618e-02 ...  3.51510569e-02
     7.35878944e-03 -4.44792695e-02]]

  [[-2.30536871e-02  5.99706173e-03 -1.57681033e-02 ... -4.93758358e-02
     4.54169139e-02 -4.18694653e-02]
   [ 4.62011620e-03 -2.74327677e-02 -3.56559791e-02 ... -7.95242935e-03
    -1.66523494e-02 -2.03911774e-02]
   [-1.02611072e-02 -2.13718526e-02 -1.67318098e-02 ... -2.38482971e-02
     2.92190909e-02  3.34342197e-02]
   [-2.76234075e-02 -1.28938444e-02 -1.53511502e-02 ...  2.27132961e-02
     1.22419372e-03 -1.59506537e-02]]

  [[-1.25376508e-02  3.20121124e-02  4.88653034e-03 ... -3.08039039e-03
     3.23396325e-02 -7.88285956e-03]
   [-3.01729254e-02  4.90919724e-02  6.60348684e-04 ... -1.84771046e-02
     2.26318687e-02  4.82611656e-02]
   [-1.07487142e-02  2.35826224e-02 -3.32579389e-03 ... -3.83461453e-02
    -4.42744307e-02  4.85846400e-03]
   [ 2.12983415e-02  3.28155458e-02 -2.20123474e-02 ...  4.29850072e-03
     1.65919736e-02 -1.57685913e-02]]

  ...

  [[ 1.50815472e-02 -7.01209903e-03  4.45592999e-02 ... -9.81926918e-03
    -8.48288834e-03  4.81402576e-02]
   [ 3.01126391e-04 -3.04050185e-02  3.89572307e-02 ...  4.51635718e-02
     1.52444094e-02 -3.18958610e-03]
   [-2.26556398e-02 -3.45778354e-02 -2.27430090e-02 ...  3.14463377e-02
    -3.04723978e-02  4.14911732e-02]
   [ 4.76251766e-02  3.37105989e-02 -3.27877179e-02 ... -4.36236300e-02
    -8.83878767e-03 -8.71173292e-03]]

  [[ 1.34800747e-02  2.67485306e-02  4.70488891e-02 ...  2.78899819e-02
    -2.52595171e-03  1.50590166e-02]
   [-2.92492751e-02 -3.33669186e-02 -3.50523144e-02 ... -6.01369515e-03
     2.26474553e-02  2.81101242e-02]
   [ 4.63076308e-03 -3.28577124e-02  4.74952832e-02 ...  2.78268605e-02
    -1.02178156e-02  2.33113095e-02]
   [-4.42936271e-02 -4.20335680e-04 -2.70850211e-03 ...  6.01786748e-03
    -2.04171538e-02  2.77945176e-02]]

  [[-2.80029736e-02 -1.19519196e-02 -1.77076794e-02 ... -4.11718115e-02
    -1.79274455e-02  2.15677470e-02]
   [-4.24835831e-02 -2.36981958e-02 -5.84108382e-03 ... -1.92446783e-02
    -2.48828847e-02 -4.15559523e-02]
   [ 5.02273738e-02  2.40891874e-02 -5.52989542e-04 ... -5.07174768e-02
     3.56083214e-02 -2.56249104e-02]
   [-2.03942060e-02  4.61774692e-02  3.10587883e-02 ... -2.17517111e-02
    -4.21067551e-02 -2.22609267e-02]]]


 [[[ 2.59554312e-02  3.47254947e-02 -3.58304530e-02 ...  1.52705088e-02
    -2.35369746e-02 -3.88646685e-02]
   [ 3.10907513e-02  2.32260749e-02  3.74202281e-02 ...  1.89415589e-02
    -3.98403779e-03  7.69962743e-03]
   [ 4.35745120e-02 -9.09834355e-03  3.95845249e-03 ... -3.08455881e-02
     5.00958264e-02  2.54494920e-02]
   [ 4.03078645e-02 -1.69520453e-03 -1.19535998e-03 ...  3.31142470e-02
     3.60078663e-02  2.19236165e-02]]

  [[ 8.07583705e-03  1.02817528e-02 -5.38089126e-03 ... -1.99291818e-02
     4.48145866e-02  4.55797911e-02]
   [ 3.51454020e-02 -3.15132290e-02 -5.41182980e-03 ...  2.60444060e-02
     3.04538384e-03 -2.29684357e-02]
   [ 3.39936465e-03 -1.54383145e-02  3.88553515e-02 ... -2.07664240e-02
     3.18892375e-02 -2.49156747e-02]
   [ 1.40909106e-03  1.36944279e-02 -3.87106836e-02 ... -4.13817912e-03
     2.46552676e-02  3.39425281e-02]]

  [[ 4.87871841e-03 -4.01994213e-03 -3.50043550e-02 ...  1.87916532e-02
    -3.22486088e-02 -3.48683149e-02]
   [-8.68535414e-03 -4.67039943e-02 -2.43642032e-02 ... -3.72461975e-03
     4.34890762e-02 -4.10425887e-02]
   [ 3.17696407e-02 -8.37662444e-03  4.38008383e-02 ...  4.81355339e-02
     1.26869753e-02 -5.72356582e-03]
   [ 1.63479969e-02  1.81449652e-02 -2.85184309e-02 ...  3.15518454e-02
     2.31298506e-02 -3.96245643e-02]]

  ...

  [[ 4.79113311e-03  2.66703516e-02 -4.03758027e-02 ...  3.74967605e-02
    -4.09927294e-02  4.32986468e-02]
   [ 4.90290672e-03  2.78936177e-02 -2.87009683e-02 ... -3.48530598e-02
    -3.63770910e-02  2.16675922e-02]
   [-2.41037756e-02  1.94650292e-02  2.77855694e-02 ...  3.40464413e-02
    -2.45943982e-02 -9.86122340e-03]
   [-1.81731060e-02  3.53094116e-02  2.32142285e-02 ...  5.76147810e-03
    -4.55569625e-02  2.85264254e-02]]

  [[-4.50758636e-03 -3.16400304e-02  2.73964256e-02 ...  3.97652015e-03
     3.22604477e-02  3.38207334e-02]
   [ 2.92554647e-02  4.35482189e-02 -1.88885219e-02 ... -1.46119967e-02
     9.54683498e-03 -4.06107418e-02]
   [ 4.98130247e-02 -1.99584309e-02  4.41670045e-03 ...  2.49306113e-02
     4.68465015e-02 -1.30737424e-02]
   [-1.72308870e-02 -3.61172333e-02  2.28952393e-02 ...  4.39801738e-02
    -1.81138664e-02 -1.31424852e-02]]

  [[-2.57584825e-03 -4.38731164e-04 -2.14574467e-02 ...  9.76579636e-03
     1.29222870e-04  1.75526291e-02]
   [ 1.77099183e-02 -1.73905157e-02  1.66125000e-02 ... -1.31584592e-02
    -1.38625354e-02  2.36927718e-02]
   [ 1.20042935e-02 -3.17246355e-02 -3.94399129e-02 ...  1.72489211e-02
    -3.65586802e-02  7.26443529e-03]
   [-1.08051896e-02  2.62193307e-02  4.88753319e-02 ...  3.40719819e-02
    -3.97063047e-02 -1.97231025e-02]]]


 ...


 [[[ 1.39369518e-02 -2.76249163e-02 -1.24558546e-02 ...  5.06523624e-03
     4.89474684e-02  1.61772594e-03]
   [ 4.51219529e-02  8.40710104e-03 -9.28013772e-03 ... -3.46433073e-02
    -2.99011692e-02 -4.71424609e-02]
   [ 2.01546773e-02  2.47121155e-02  3.34399790e-02 ... -4.00528312e-04
     1.38598010e-02 -3.45785767e-02]
   [-1.95972249e-02  2.31231377e-02 -2.92011797e-02 ... -4.49939817e-02
    -1.73253752e-02  2.47009099e-04]]

  [[ 1.76222101e-02  3.83084640e-03  3.48402634e-02 ... -2.54861116e-02
     2.44973972e-03  1.74038634e-02]
   [-2.23758295e-02 -3.15581821e-02 -4.73859794e-02 ... -4.48637158e-02
     4.27946001e-02  2.04089880e-02]
   [ 3.87391895e-02 -8.58417526e-03 -1.57308392e-02 ...  1.05390064e-02
     3.11514214e-02  3.40272635e-02]
   [-4.46670018e-02  4.34998348e-02 -2.11696792e-02 ... -3.32162306e-02
    -4.68596816e-02  4.22505140e-02]]

  [[ 4.76052463e-02  9.59558412e-03  1.60210729e-02 ... -1.86330713e-02
    -2.19261087e-02 -2.70217024e-02]
   [ 2.51393989e-02 -3.03920973e-02 -5.90021536e-03 ... -4.41558510e-02
     4.41264212e-02 -3.68596129e-02]
   [-1.75958052e-02 -7.50007108e-03 -8.61812010e-03 ... -3.37970704e-02
    -5.02728298e-02  1.52071938e-02]
   [ 3.19512784e-02  3.50437611e-02  1.28843188e-02 ... -3.87696922e-03
    -4.18495126e-02 -1.27482451e-02]]

  ...

  [[ 1.20355263e-02  2.09003538e-02  1.72890723e-05 ... -4.10402790e-02
    -9.18779150e-03  3.16852555e-02]
   [ 4.55303416e-02  1.83315277e-02  9.62402672e-04 ... -1.41724497e-02
    -4.05028835e-02 -2.02786718e-02]
   [-4.62575369e-02  2.31273472e-02 -3.71043347e-02 ... -4.64290157e-02
     4.40963060e-02  1.46817863e-02]
   [ 4.31808457e-02  4.05353680e-02 -1.50958449e-02 ... -5.96146286e-03
    -1.51783712e-02 -4.31137942e-02]]

  [[-8.10187310e-03  1.32763162e-02  3.96209061e-02 ... -2.91552749e-02
     3.79411727e-02  3.48633304e-02]
   [-4.00229767e-02 -4.60627116e-02  3.61879617e-02 ... -3.59915160e-02
     2.70402953e-02 -2.74300575e-03]
   [ 3.80159169e-02 -3.62327099e-02  1.54882967e-02 ... -1.14882216e-02
    -5.61334938e-03  1.06193088e-02]
   [-4.78749350e-03 -2.68185046e-02  3.92877162e-02 ...  3.56464535e-02
     4.68760803e-02  1.68137625e-02]]

  [[ 1.53012574e-03 -3.19310799e-02 -3.70491222e-02 ...  3.39686573e-02
     5.02315387e-02  4.28071693e-02]
   [-2.46480107e-03  3.53375822e-03 -9.15206969e-04 ...  4.26727831e-02
     1.37081146e-02 -1.95651539e-02]
   [ 3.95742431e-02 -4.29411605e-02 -9.06857103e-03 ...  6.82333112e-03
     1.44541115e-02  9.60189849e-03]
   [ 2.07545981e-02 -4.10191938e-02 -4.11417335e-02 ... -2.35702507e-02
     9.10960883e-03 -3.04696597e-02]]]


 [[[-3.66262048e-02 -2.20728777e-02  4.03740779e-02 ... -4.53133844e-02
    -2.82861311e-02 -2.17120349e-03]
   [-6.27018139e-03  3.52646858e-02  3.87565047e-02 ...  3.22818980e-02
    -3.16923112e-02 -3.61708291e-02]
   [ 1.28467232e-02  3.57924998e-02 -4.02145460e-02 ...  3.24490666e-03
    -1.17233805e-02 -3.88989411e-02]
   [ 2.71781906e-03  1.29415393e-02 -2.97318324e-02 ... -2.78921109e-02
     1.00744069e-02 -3.06536462e-02]]

  [[ 3.45840305e-02  3.11422125e-02 -4.45264876e-02 ...  2.72035450e-02
     3.92549410e-02 -3.38373184e-02]
   [-4.37996089e-02 -1.52858011e-02  2.36440450e-02 ... -4.90093008e-02
     3.27449888e-02 -4.74558882e-02]
   [-6.84101135e-04 -1.29756406e-02 -4.33049574e-02 ...  2.01940387e-02
    -2.01954879e-02  2.78821215e-02]
   [-2.07260065e-02 -1.90668628e-02 -2.60421075e-02 ... -9.53936204e-03
     2.42533311e-02 -4.51666191e-02]]

  [[-2.59313788e-02 -1.61109641e-02  9.45201889e-03 ...  3.66985723e-02
     4.13748398e-02 -3.64583395e-02]
   [-2.87852716e-02  8.17106664e-03  1.84745640e-02 ...  2.21141353e-02
    -9.58107412e-04 -1.33594908e-02]
   [ 1.23683140e-02 -4.58916090e-02  4.57431599e-02 ... -4.92046773e-02
    -1.86419748e-02 -3.56229246e-02]
   [ 4.00526896e-02 -1.46592408e-02 -1.79672949e-02 ... -1.00101903e-03
     3.44103947e-02 -1.95706040e-02]]

  ...

  [[-1.19619817e-03  3.05734798e-02  3.05928364e-02 ...  1.64096951e-02
    -3.59395631e-02 -3.57248932e-02]
   [-1.62309892e-02 -3.53868753e-02 -4.81368601e-02 ...  2.51688659e-02
     4.28171083e-03 -3.35935727e-02]
   [-3.74826491e-02  1.32938623e-02 -1.25161409e-02 ... -1.73984133e-02
    -4.91873994e-02 -3.18181142e-03]
   [ 1.14294924e-02 -4.81500365e-02  1.70212984e-03 ... -1.54969096e-03
     4.92955968e-02  1.71119794e-02]]

  [[-4.64405715e-02 -4.07951549e-02  8.84488598e-03 ...  1.01460591e-02
     3.99665162e-02 -2.02003773e-02]
   [-9.49647650e-03  3.64462137e-02 -1.14431046e-02 ... -7.79164582e-03
    -2.16989443e-02  4.62438092e-02]
   [ 1.67812407e-02 -3.66779752e-02  1.62726864e-02 ... -1.04349218e-02
    -1.69996247e-02 -4.29326072e-02]
   [-3.27553786e-02 -4.97335047e-02 -3.10835987e-03 ...  4.28046361e-02
    -2.10129339e-02  2.20522657e-02]]

  [[ 4.24338952e-02  3.62472385e-02  3.22753787e-02 ...  1.28876641e-02
    -1.73264705e-02  1.70570984e-02]
   [ 4.26585674e-02 -2.05374453e-02 -1.27602778e-02 ...  8.08920711e-03
     6.87562302e-03  4.32682186e-02]
   [-4.70309332e-03  7.02439994e-03  1.81267112e-02 ...  3.85028645e-02
    -9.95821506e-03 -4.52547781e-02]
   [ 1.60156488e-02  3.56125236e-02  1.66147500e-02 ... -3.18694711e-02
     4.49951664e-02 -1.67553872e-02]]]


 [[[ 1.77919120e-03 -2.26369500e-03 -4.71854582e-02 ...  1.87040046e-02
     1.19668990e-02  8.66875052e-05]
   [-4.07338068e-02  2.21667215e-02 -3.85243036e-02 ...  2.31542811e-02
     2.16038823e-02  1.31730139e-02]
   [-1.28871277e-02  3.64234969e-02  1.61117762e-02 ...  1.76042616e-02
    -2.67259777e-03  4.98046204e-02]
   [ 3.36651504e-02 -3.55617851e-02  2.01025084e-02 ... -1.33318007e-02
     2.76308879e-02  4.46629971e-02]]

  [[ 4.62806672e-02 -3.34956273e-02 -3.32562327e-02 ... -1.64508671e-02
     1.16452351e-02  5.07118106e-02]
   [-2.75989249e-03  2.07862630e-03 -1.97441876e-03 ...  4.78715375e-02
     2.69189924e-02  2.90102884e-03]
   [ 4.81507555e-02  3.76788378e-02  4.90693226e-02 ...  5.10030314e-02
     1.90252438e-02 -4.63781580e-02]
   [-3.83142307e-02 -6.44573569e-03 -2.90872995e-02 ...  3.72703224e-02
     4.53510061e-02 -1.58411041e-02]]

  [[ 4.50935662e-02 -2.70466320e-02 -2.76815407e-02 ...  3.46559584e-02
    -1.54365860e-02  2.90806442e-02]
   [-4.32944000e-02 -4.20410149e-02 -2.40563005e-02 ...  1.36490241e-02
    -5.03299423e-02 -3.07684764e-03]
   [-4.14448343e-02 -3.29475775e-02  2.78396606e-02 ...  2.56303325e-03
     2.02721655e-02 -1.84376165e-03]
   [-2.34186165e-02  3.74494568e-02  4.66900393e-02 ...  4.25059572e-02
    -2.66162325e-02  2.73344964e-02]]

  ...

  [[ 2.46627256e-02 -4.48463522e-02 -4.95726094e-02 ...  2.83495709e-02
     5.11722639e-03  4.25352380e-02]
   [-3.85506935e-02 -4.63903993e-02  1.96989253e-02 ... -4.38212529e-02
    -3.49309631e-02 -2.18175352e-04]
   [-1.66374296e-02 -4.92122062e-02 -2.01434493e-02 ... -3.34273130e-02
     1.28312111e-02  2.58220136e-02]
   [ 7.41678849e-03  4.44134623e-02 -2.10686699e-02 ...  2.20964700e-02
    -4.32137549e-02 -3.55546810e-02]]

  [[ 4.07949239e-02  4.89680916e-02 -3.81722338e-02 ...  2.25363821e-02
    -4.38019447e-02 -4.31007035e-02]
   [ 3.96290943e-02  4.95720133e-02 -3.67934108e-02 ... -1.56677775e-02
    -2.25020833e-02  2.97512785e-02]
   [ 4.22538966e-02 -1.77220739e-02  2.29510218e-02 ... -1.12074353e-02
     9.99145210e-04 -4.45142128e-02]
   [ 4.51245457e-02  1.83899999e-02  3.57016996e-02 ...  1.85627490e-02
    -1.49620809e-02  3.12943086e-02]]

  [[-2.38705985e-02  2.37287208e-02  3.65656614e-02 ...  2.67411694e-02
    -4.04608361e-02  3.55661139e-02]
   [-2.41130088e-02 -3.62721644e-02  4.01270017e-02 ... -9.46919620e-03
    -2.74456646e-02  4.36083376e-02]
   [-2.91463677e-02  4.78267446e-02 -4.52946946e-02 ... -3.31178755e-02
     3.68285775e-02 -4.13954258e-02]
   [-3.40694599e-02 -9.56058502e-05  4.65910062e-02 ...  4.72772941e-02
     6.44329190e-03 -4.49876189e-02]]]]
